123
The above mentioned is your password
Name: Nitya
Email: 123@gmail.com


94240.00, 94220.00, 94227.00
94256.00, 94255.00, 94259.00
94265.00, 94257.00, 94258.00
94262.00, 94250.00, 94244.00
94249.00, 94245.00, 94257.00
94258.00, 94258.00, 94267.00
94270.00, 94290.00, 94324.00
4788.00, 4783.00, 4775.00
4784.00, 4774.00, 4789.00
4789.00, 4784.00, 4795.00
4789.00, 4791.00, 4796.00
4804.00, 4803.00, 4818.00
4817.00, 4824.00, 4817.00
4833.00, 4824.00, 4827.00
4818.00, 4832.00, 4833.00
4833.00, 4842.00, 4861.00
4847.00, 4871.00, 4870.00
4877.00, 4886.00, 4889.00
4869.00, 4880.00, 4873.00
4862.00, 4851.00, 4850.00
